1637663045.023811414
1637663045.111648250
1637663045.209323461
1637663045.309065603
1637663045.407920866
1637663045.507065840
1637663045.606824179
1637663045.707136482
1637663045.807558728
1637663045.908090452
1637663046.007141838
1637663046.107215999
1637663046.207327355
1637663046.307187169
1637663046.406816872
1637663046.506473193
1637663046.606821691
1637663046.707187640
1637663046.807218530
1637663046.906693029
1637663047.006917100
1637663047.106625336
1637663047.206913897
1637663047.306671621
1637663047.406066872
1637663047.506453090
1637663047.606098544
1637663047.706766864
1637663047.806803323
1637663047.906916145
1637663048.006537111
1637663048.106773329
1637663048.207272854
1637663048.306355988
1637663048.406683075
1637663048.506159599
1637663048.606064430
1637663048.706222650
1637663048.805856449
1637663048.906013527
1637663049.009214993
1637663049.108302270
1637663049.206829279
1637663049.306126062
1637663049.406610243
1637663049.507543916
1637663049.606322475
1637663049.707628327
1637663049.806728578
1637663049.906878241
1637663050.007435794
1637663050.103082749
1637663050.206610060
1637663050.306745520
1637663050.408113586
1637663050.507851802
1637663050.607373152
1637663050.707299161
1637663050.807905883
1637663050.907114144
1637663051.007301209
1637663051.106921397
1637663051.207302850
1637663051.306506533
1637663051.406972112
1637663051.506761825
1637663051.602740636
1637663051.706064956
1637663051.807024308
1637663051.906407934
1637663052.007804117
1637663052.111692857
1637663052.205915233
1637663052.306390362
1637663052.405797819
1637663052.507161549
1637663052.607525600
1637663052.706678697
1637663052.807421090
1637663052.907393065
1637663053.006603687
1637663053.107188746
1637663053.207166351
1637663053.306483942
1637663053.406803319
1637663053.507153094
1637663053.607321869
1637663053.707560257
1637663053.806667906
1637663053.906993136
1637663054.008078201
1637663054.102908346
1637663054.208557382
1637663054.309014487
1637663054.408618434
1637663054.507228063
1637663054.607134601
1637663054.707611760
1637663054.807474938
1637663054.907757475
1637663055.007127675
1637663055.106698430
1637663055.206887889
1637663055.306321038
1637663055.407467212
1637663055.507151816
1637663055.606244519
1637663055.706894985
1637663055.806598655
1637663055.906557440
1637663056.005850078
1637663056.106228709
1637663056.206525690
1637663056.302187300
1637663056.408645643
1637663056.506851236
1637663056.606656134
1637663056.706438924
1637663056.806385569
1637663056.906383357
1637663057.006118393
1637663057.105910457
1637663057.205674580
1637663057.306256755
1637663057.405954783
1637663057.506266269
1637663057.605390079
1637663057.705317674
1637663057.805637444
1637663057.906606236
1637663058.006704580
1637663058.105770744
1637663058.207279411
1637663058.305945615
1637663058.405780370
1637663058.507307411
1637663058.607043052
1637663058.707136440
1637663058.807080561
1637663058.906454379
1637663059.006689970
1637663059.106450870
1637663059.206357049
1637663059.302513104
1637663059.400250379
1637663059.503234969
1637663059.599164049
1637663059.706697657
1637663059.807574265
1637663059.907334069
1637663060.012677247
1637663060.099652199
1637663060.198873293
1637663060.300572655
1637663060.404011452
1637663060.511961192
1637663060.610361448
1637663060.712435677
1637663060.811538984
1637663060.910164513
1637663061.008682488
1637663061.107945635
1637663061.207081577
1637663061.310287197
1637663061.408500116
1637663061.506673000
1637663061.606695441
1637663061.707194239
1637663061.806878282
1637663061.906477642
1637663062.006589575
1637663062.102240241
1637663062.206813097
1637663062.305972509
1637663062.407647800
1637663062.506416857
1637663062.605523905
1637663062.706089452
1637663062.806139749
1637663062.905773528
1637663063.005707242
1637663063.106225534
1637663063.205725414
1637663063.305793154
1637663063.406301211
1637663063.505695139
1637663063.605965620
1637663063.702006324
1637663063.805832185
1637663063.906441124
1637663063.998774216
1637663064.106714890
1637663064.205954634
1637663064.305860073
1637663064.406133068
1637663064.505450188
1637663064.605962062
1637663064.705945366
1637663064.805860425
1637663064.906083901
1637663064.998943158
1637663065.105751886
1637663065.205867976
1637663065.305959765
1637663065.406490750
1637663065.505957757
1637663065.605318738
1637663065.705880574
1637663065.805646931
1637663065.905849112
1637663066.005195208
1637663066.105136643
1637663066.205607387
1637663066.306107622
1637663066.405335339
1637663066.504936812
1637663066.604958848
1637663066.705189788
1637663066.805907725
1637663066.905509441
1637663067.005322444
1637663067.105282157
1637663067.206061559
1637663067.305952960
1637663067.405689685
1637663067.505068022
1637663067.605819487
1637663067.698766084
1637663067.805861374
1637663067.905402010
1637663068.005620432
1637663068.105459903
1637663068.205428865
1637663068.306212831
1637663068.406532289
1637663068.506904857
1637663068.607057255
1637663068.706722692
1637663068.807221220
1637663068.906600948
1637663069.006966331
1637663069.106557510
1637663069.206406755
1637663069.305884244
1637663069.406419390
1637663069.505791029
1637663069.605834944
1637663069.707139891
1637663069.806006947
1637663069.906010769
1637663070.005517178
1637663070.105579336
1637663070.205891577
1637663070.306060230
1637663070.406088469
1637663070.505939764
1637663070.605532472
1637663070.705498732
1637663070.807268586
1637663070.905676879
1637663071.006481584
1637663071.106830494
1637663071.206438385
1637663071.310362806
1637663071.406107650
1637663071.506962678
1637663071.608042814
1637663071.706783744
1637663071.806516424
1637663071.906156521
1637663072.005982385
1637663072.105432052
1637663072.206042781
1637663072.306234527
1637663072.405730798
1637663072.505987468
1637663072.605939019
1637663072.705643961
1637663072.805943608
1637663072.905439155
1637663073.005890581
1637663073.105364472
1637663073.205796369
1637663073.307438156
1637663073.405531447
1637663073.506875052
1637663073.606543576
1637663073.706677616
1637663073.807111796
1637663073.906842409
1637663074.006700671
1637663074.106358774
1637663074.206930661
1637663074.306328697
1637663074.406682413
1637663074.507520383
1637663074.602309314
1637663074.707185370
1637663074.808535988
1637663074.907035467
1637663075.006598924
1637663075.106857649
1637663075.207184012
1637663075.306773681
1637663075.406787854
1637663075.506310682
1637663075.605942628
1637663075.706820642
1637663075.806624234
1637663075.906854887
1637663076.006988893
1637663076.107588331
1637663076.207442117
1637663076.310465657
1637663076.408021452
1637663076.507649073
1637663076.607324159
1637663076.707443268
1637663076.807141957
1637663076.907913589
1637663077.006922038
1637663077.107026909
1637663077.207341172
1637663077.306076072
1637663077.403990011
1637663077.502384901
1637663077.611386406
1637663077.704168036
1637663077.806802186
1637663077.906359030
1637663078.006421823
1637663078.105859205
1637663078.206730878
1637663078.306502782
1637663078.406041873
1637663078.505582836
1637663078.606238791
1637663078.705715692
1637663078.798390580
1637663078.906241945
1637663079.006536684
1637663079.098473569
1637663079.205502454
1637663079.306395726
1637663079.406353566
1637663079.506505249
1637663079.606129806
1637663079.706138521
1637663079.805762683
1637663079.905600375
1637663080.005922252
1637663080.106685185
1637663080.206261746
1637663080.306004228
1637663080.397416857
1637663080.505168333
1637663080.606267209
1637663080.705777965
1637663080.806996452
1637663080.906813576
1637663081.006801280
1637663081.106151642
1637663081.206783693
1637663081.306306803
1637663081.406862116
1637663081.506154524
1637663081.606195773
1637663081.705817774
1637663081.805821214
1637663081.905887658
1637663082.006555728
1637663082.102906289
1637663082.206577362
1637663082.306912828
1637663082.406653457
1637663082.507372694
1637663082.606534492
1637663082.706840577
1637663082.806965194
1637663082.906161757
1637663083.006297831
1637663083.105650297
1637663083.206179162
1637663083.305214812
1637663083.406107979
1637663083.505468273
1637663083.605736686
1637663083.705904168
1637663083.805662838
1637663083.899955889
1637663084.005858644
1637663084.105867217
1637663084.205039269
1637663084.305364380
1637663084.407096159
1637663084.505237749
1637663084.606208078
1637663084.706254674
1637663084.805373610
1637663084.906006589
1637663085.005701505
1637663085.105785928
1637663085.205382608
1637663085.305393931
1637663085.405200746
1637663085.505008633
1637663085.605028478
1637663085.705431725
1637663085.805469555
1637663085.905246006
1637663086.005040585
1637663086.105741985
1637663086.206859904
1637663086.298030303
1637663086.405616998
1637663086.505960789
1637663086.606310871
1637663086.706261503
1637663086.805995996
1637663086.905730388
1637663087.005739684
1637663087.107419623
1637663087.206600282
1637663087.308086906
1637663087.406859520
1637663087.505532260
1637663087.606339111
1637663087.705425084
1637663087.806590889
1637663087.907686742
1637663088.005901416
1637663088.107159902
1637663088.206868832
1637663088.307769428
1637663088.406694029
1637663088.505438483
1637663088.605565237
1637663088.705883453
1637663088.806369376
1637663088.905804129
1637663089.005897223
1637663089.107690253
1637663089.208594996
1637663089.308095823
1637663089.407007133
1637663089.507714460
1637663089.606761343
1637663089.707185367
1637663089.806251231
1637663089.906185191
1637663090.006142427
1637663090.105968137
1637663090.205914542
1637663090.305819612
1637663090.406225380
1637663090.506016613
1637663090.604747233
1637663090.706212341
1637663090.805829136
1637663090.901086635
1637663091.005787402
1637663091.105673372
1637663091.206006249
1637663091.304940145
1637663091.405357938
1637663091.505481084
1637663091.605185003
1637663091.704393945
1637663091.799105640
1637663091.904899614
1637663092.005227673
1637663092.104528252
1637663092.204634153
1637663092.304383173
1637663092.404954621
1637663092.504958044
1637663092.604955108
1637663092.704531841
1637663092.806363883
1637663092.905884063
1637663093.005777213
1637663093.104807629
1637663093.204915191
1637663093.306875020
1637663093.404978108
1637663093.504525131
1637663093.604758602
1637663093.704771831
1637663093.804826975
1637663093.904821358
1637663094.005083676
1637663094.104948941
1637663094.205326801
1637663094.305650189
1637663094.405449030
1637663094.505581042
1637663094.604586206
1637663094.705380716
1637663094.805519785
1637663094.904479169
1637663095.006110090
1637663095.105983868
1637663095.206007764
1637663095.305956887
1637663095.405779693
1637663095.505848267
1637663095.605327803
1637663095.705503386
1637663095.805348096
1637663095.905669120
1637663096.005188418
1637663096.100712786
1637663096.204942820
1637663096.305188000
1637663096.405161026
1637663096.505128167
1637663096.604844235
1637663096.704856055
1637663096.804549320
1637663096.904536134
1637663097.004444925
1637663097.105355975
1637663097.204543406
1637663097.304406569
1637663097.404308450
1637663097.504206290
1637663097.604176254
1637663097.704286279
1637663097.804584550
1637663097.904363087
1637663098.004539662
1637663098.104633257
1637663098.197365547
1637663098.304411535
1637663098.404391378
1637663098.504626356
1637663098.604473051
1637663098.704333955
1637663098.804232447
1637663098.904203514
1637663099.004369076
1637663099.104293970
1637663099.204889828
1637663099.304565558
1637663099.405153330
1637663099.504974546
1637663099.601111518
1637663099.704646513
1637663099.804551380
1637663099.905070621
1637663100.005105090
1637663100.105895466
1637663100.205859814
1637663100.305503033
1637663100.406685055
1637663100.505537099
1637663100.605386866
1637663100.705220365
1637663100.805512411
1637663100.906002617
1637663101.006228930
1637663101.105375570
1637663101.205491103
1637663101.305739458
1637663101.404963416
1637663101.506685924
1637663101.605910003
1637663101.705749823
1637663101.806273704
1637663101.905169679
1637663102.005848991
1637663102.105467865
1637663102.205132724
1637663102.304597571
1637663102.405375748
1637663102.505809608
1637663102.604727471
1637663102.705578215
1637663102.804746649
1637663102.905302049
1637663103.005453354
1637663103.096761346
1637663103.205052978
1637663103.304647467
1637663103.404798228
1637663103.505258261
1637663103.604640015
1637663103.696676152
1637663103.805004039
1637663103.904527092
1637663103.996388109
1637663104.105418576
1637663104.205233720
1637663104.305247386
1637663104.405524290
1637663104.505137445
1637663104.604704636
1637663104.705071850
1637663104.804991952
1637663104.905030900
1637663105.004998124
1637663105.104289304
1637663105.204560107
1637663105.304775520
1637663105.404719625
1637663105.504383177
1637663105.604120488
1637663105.704629881
1637663105.804480632
1637663105.904777468
1637663106.003931789
1637663106.105290933
1637663106.197829499
1637663106.296411435
1637663106.397332038
1637663106.506629010
1637663106.599823400
1637663106.698488778
1637663106.796697669
1637663106.896888902
1637663106.996565583
1637663107.096735940
1637663107.196620416
1637663107.297420295
1637663107.396725810
1637663107.496435675
1637663107.596401547
1637663107.696463587
1637663107.798061157
1637663107.904327610
1637663108.003636926
1637663108.104232228
1637663108.202488977
1637663108.298026236
1637663108.397120986
1637663108.498012466
1637663108.605071965
1637663108.705564324
1637663108.804970759
1637663108.904464711
1637663109.005008524
1637663109.107248573
1637663109.201034644
1637663109.301133366
1637663109.405396730
1637663109.503745468
1637663109.601196620
1637663109.705321210
1637663109.805544319
1637663109.906050793
1637663109.999490371
1637663110.097926955
1637663110.207128466
1637663110.307191055
1637663110.406401626
1637663110.507366378
1637663110.608717952
1637663110.710238530
1637663110.809338609
1637663110.896826206
1637663111.006307621
1637663111.097786875
1637663111.197954447
1637663111.309085584
1637663111.409622762
1637663111.508860917
1637663111.613761356
1637663111.708559608
1637663111.810268948
1637663111.908891175
1637663112.010306232
1637663112.107692953
1637663112.207420331
1637663112.296785178
1637663112.396971433
1637663112.497812729
1637663112.597462603
1637663112.697988380
1637663112.796857542
1637663112.898720872
1637663112.997735842
1637663113.097464949
1637663113.197401128
1637663113.297817110
1637663113.397856449
1637663113.497698109
1637663113.597749881
1637663113.697607166
1637663113.797185879
1637663113.898243502
1637663113.998988333
1637663114.098113668
1637663114.197389052
1637663114.297005578
1637663114.397900425
1637663114.497613106
1637663114.596256169
1637663114.700635113
1637663114.798276677
1637663114.897729693
1637663114.998142944
1637663115.097686711
1637663115.198415156
1637663115.297191285
1637663115.396338110
1637663115.497500748
1637663115.596235189
1637663115.697566752
1637663115.799514068
1637663115.897106228
1637663116.002707988
1637663116.102973505
1637663116.196237992
1637663116.296272884
1637663116.397252167
1637663116.496568365
1637663116.606599292
1637663116.700267649
1637663116.796933237
1637663116.896414539
1637663116.996384020
1637663117.097362457
1637663117.206660228
1637663117.307135153
1637663117.406153046
1637663117.505938245
1637663117.606474542
1637663117.710069888
1637663117.807026244
1637663117.899868755
1637663118.012505104
1637663118.107982970
1637663118.208074027
1637663118.307950859
1637663118.407338198
1637663118.509641379
1637663118.603509093
1637663118.705365249
1637663118.806029287
1637663118.907825859
1637663119.008831971
1637663119.105879525
1637663119.208209747
1637663119.298159104
1637663119.405467130
1637663119.503777401
1637663119.602505150
1637663119.702578748
1637663119.802607271
1637663119.902897894
1637663120.003880429
1637663120.099126421
1637663120.205112407
1637663120.305017712
1637663120.405045660
1637663120.504888145
1637663120.604668034
1637663120.704132218
1637663120.804886649
1637663120.904419394
1637663121.003679446
1637663121.104052635
1637663121.204355551
1637663121.305550400
1637663121.400544131
1637663121.505006211
1637663121.604738907
1637663121.704640506
1637663121.805056405
1637663121.895776170
1637663122.003930055
1637663122.104409652
1637663122.203478764
1637663122.304498769
1637663122.406425310
1637663122.504676906
1637663122.603894847
1637663122.704008150
1637663122.803237427
1637663122.904795228
1637663123.004882504
1637663123.103596812
1637663123.204559195
1637663123.298382533
1637663123.408124858
1637663123.499609135
1637663123.603905999
1637663123.708614754
1637663123.809069987
1637663123.904063479
1637663123.998580398
1637663124.104839225
1637663124.204403567
1637663124.305817528
1637663124.405075702
1637663124.504504391
1637663124.604515907
1637663124.704715110
1637663124.804869494
1637663124.905334140
1637663125.005017758
1637663125.104456175
1637663125.204512542
1637663125.306297766
1637663125.404595265
1637663125.497361689
1637663125.610559231
1637663125.696027990
1637663125.796010045
1637663125.897598495
1637663126.005687180
1637663126.105608655
1637663126.204889333
1637663126.301956762
1637663126.404778128
1637663126.505130507
1637663126.604551400
1637663126.704110996
1637663126.804278242
1637663126.905244192
1637663127.005085684
1637663127.105232650
1637663127.206551295
1637663127.304716274
1637663127.404467448
1637663127.505057245
1637663127.604487869
1637663127.704188754
1637663127.803885221
1637663127.904904549
1637663128.003883977
1637663128.104655486
1637663128.204747645
1637663128.304923478
1637663128.403493187
1637663128.503780189
1637663128.603579355
1637663128.695703521
1637663128.796750840
1637663128.896946908
1637663129.005653568
1637663129.097063742
1637663129.195849373
1637663129.296586455
1637663129.404686007
1637663129.504713341
1637663129.604281456
1637663129.703940092
1637663129.802857815
1637663129.898119215
1637663129.995982719
1637663130.104118736
1637663130.207474494
1637663130.307929264
1637663130.407349293
1637663130.506208639
1637663130.605417284
1637663130.708352775
1637663130.796979548
1637663130.895588666
1637663131.005324552
1637663131.107594609
1637663131.206123308
1637663131.308599967
1637663131.410543157
1637663131.507986143
1637663131.609652095
1637663131.698753088
1637663131.796188831
1637663131.906219123
1637663131.996410228
1637663132.095754580
1637663132.196582733
1637663132.295901727
1637663132.397160932
1637663132.496333754
1637663132.595753605
1637663132.698420023
1637663132.795473666
1637663132.904127259
1637663133.004080845
1637663133.104588905
1637663133.208468300
1637663133.304047760
1637663133.405872595
1637663133.507831953
1637663133.612741335
1637663133.695920292
1637663133.806882481
1637663133.908392544
1637663134.009093018
1637663134.099779310
1637663134.195689687
1637663134.296864254
1637663134.400468686
1637663134.522899886
1637663134.599503216
1637663134.722741869
1637663134.811945614
1637663134.911459725
1637663135.010650393
1637663135.114912141
1637663135.195447128
1637663135.309137323
1637663135.408902139
1637663135.516316818
1637663135.596070216
1637663135.708012488
1637663135.807982055
1637663135.908274376
1637663136.012918521
1637663136.112226535
1637663136.211109034
1637663136.309866613
1637663136.410684134
1637663136.509853973
1637663136.610167176
1637663136.711518023
1637663136.811699857
1637663136.910521895
1637663136.998318104
1637663137.113488029
1637663137.200254902
1637663137.309855206
1637663137.412994127
1637663137.512426260
1637663137.611874540
1637663137.712152931
1637663137.816494147
1637663137.895615578
1637663138.005377387
1637663138.104119609
1637663138.203929143
1637663138.301418964
1637663138.412016606
1637663138.511416336
1637663138.612661002
1637663138.714695662
1637663138.810767509
1637663138.910939618
1637663139.010926956
1637663139.110594474
1637663139.207950893
1637663139.308269741
1637663139.408482236
1637663139.509328595
1637663139.608717496
1637663139.706476694
1637663139.806169344
1637663139.906560027
1637663140.007033658
1637663140.105883663
1637663140.205400111
1637663140.304317137
1637663140.405479006
1637663140.505573458
1637663140.605779819
1637663140.704231449
1637663140.804380300
1637663140.904603541
1637663141.004098882
1637663141.104664063
1637663141.204347699
1637663141.304345077
1637663141.403765436
1637663141.503721168
1637663141.603827824
1637663141.703687086
1637663141.803699259
1637663141.903382787
1637663142.003521631
1637663142.105026447
1637663142.204888662
1637663142.304401391
1637663142.405549749
1637663142.498930867
1637663142.604177156
1637663142.704534714
1637663142.805057779
1637663142.904927560
1637663143.004780004
1637663143.105060934
1637663143.205284312
1637663143.301798586
1637663143.401684723
1637663143.504077299
1637663143.604775775
1637663143.705051958
1637663143.806957502
1637663143.906720271
1637663144.006746634
1637663144.110508412
1637663144.200015593
1637663144.307197671
1637663144.408752641
1637663144.508704205
1637663144.607846303
1637663144.712087302
1637663144.808100029
1637663144.909257705
1637663145.008519579
1637663145.104440402
1637663145.209702153
1637663145.315368002
1637663145.410319769
1637663145.509714205
1637663145.608748083
1637663145.710040328
1637663145.809702545
1637663145.913519917
1637663146.012252108
1637663146.109726638
1637663146.210391183
1637663146.301241501
1637663146.411421639
1637663146.508172358
1637663146.608182982
1637663146.699293854
1637663146.798997836
1637663146.904923187
1637663147.007844658
1637663147.106454666
1637663147.198892770
1637663147.300446515
1637663147.408246688
1637663147.508964101
1637663147.608397647
1637663147.713688009
1637663147.795115717
1637663147.903613294
1637663148.010752171
1637663148.110134325
1637663148.212108888
1637663148.314517900
1637663148.410251474
1637663148.510727781
1637663148.614240296
1637663148.708260936
1637663148.795572596
1637663148.911226926
1637663148.994866882
1637663149.110077403
1637663149.197044092
1637663149.301810475
1637663149.410448573
1637663149.510203892
1637663149.609062356
1637663149.710673656
1637663149.810724544
1637663149.911461200
1637663150.008484920
1637663150.110573801
1637663150.211542826
1637663150.312577841
1637663150.411443166
1637663150.501503106
1637663150.596199511
1637663150.698589921
1637663150.797682124
1637663150.917891927
1637663151.011477475
1637663151.113820869
1637663151.215530869
1637663151.312107002
1637663151.411378629
1637663151.512382079
1637663151.611386371
1637663151.701848405
1637663151.807756827
1637663151.909228720
1637663152.009181516
1637663152.110936092
1637663152.206343015
1637663152.306940832
1637663152.394792259
1637663152.507573406
1637663152.595896724
1637663152.695046227
1637663152.796001650
1637663152.907469747
1637663153.010315123
1637663153.108695769
1637663153.207296213
1637663153.307108246
1637663153.407010240
1637663153.506580623
1637663153.597623830
1637663153.706372021
1637663153.805117507
1637663153.905908708
1637663154.007412019
1637663154.104309082
1637663154.204437997
1637663154.304171203
1637663154.404308056
1637663154.500187725
1637663154.603956343
1637663154.703307870
1637663154.803871698
1637663154.904619233
1637663155.004615859
1637663155.102899647
1637663155.203266232
1637663155.302810129
1637663155.403914802
1637663155.502899317
1637663155.602967772
1637663155.703042729
1637663155.802890240
1637663155.902915798
1637663156.003755624
1637663156.103675621
1637663156.203998136
1637663156.303065495
1637663156.396175738
1637663156.502970647
1637663156.603460025
1637663156.703696288
1637663156.803032692
1637663156.902344569
1637663156.995277723
1637663157.095219797
1637663157.194423541
1637663157.295934844
1637663157.396106084
1637663157.494338739
1637663157.595576723
1637663157.695397350
1637663157.794738510
1637663157.899400957
1637663158.004581378
1637663158.094971710
1637663158.203897130
1637663158.303276771
1637663158.403062612
1637663158.502849883
1637663158.602583701
1637663158.703065920
1637663158.802964584
1637663158.903106675
1637663159.002944661
1637663159.101035214
1637663159.203327030
1637663159.303501807
1637663159.404424767
1637663159.503740105
1637663159.603766086
1637663159.703532022
1637663159.803217292
1637663159.903229065
1637663160.003749639
1637663160.103832881
1637663160.203473742
1637663160.303222702
1637663160.402746953
1637663160.503537482
1637663160.603668152
1637663160.703664185
1637663160.805157025
1637663160.904642870
1637663161.004303668
1637663161.101392303
1637663161.196777420
1637663161.303235761
1637663161.404794438
1637663161.502788213
1637663161.603370843
1637663161.703206455
1637663161.803457122
1637663161.904241557
1637663162.007613212
1637663162.104207813
1637663162.198560142
1637663162.295244189
1637663162.394980796
1637663162.503687481
1637663162.603347441
1637663162.696363454
1637663162.803342914
1637663162.895035314
1637663162.996018356
1637663163.107305314
1637663163.194488006
1637663163.295442512
1637663163.394283437
1637663163.505690577
1637663163.594722473
1637663163.704625443
1637663163.794384785
1637663163.903302413
1637663163.995152784
1637663164.094700657
1637663164.196639791
1637663164.303512297
1637663164.402811465
1637663164.494285894
1637663164.602477091
1637663164.702943560
1637663164.802301406
1637663164.903625164
1637663165.002916691
1637663165.093853166
1637663165.193925788
1637663165.301488235
1637663165.406655362
1637663165.504032963
1637663165.594379297
1637663165.694609338
1637663165.793951660
1637663165.895208550
1637663166.003705273
1637663166.105435395
1637663166.203385634
1637663166.299187579
1637663166.393953819
1637663166.507192753
1637663166.595741849
1637663166.702174649
1637663166.795845535
1637663166.894197513
1637663166.994351034
1637663167.105662295
1637663167.204524999
1637663167.306304603
1637663167.407140517
1637663167.495569218
1637663167.603080616
1637663167.704847337
1637663167.804022429
1637663167.903261942
1637663168.003668152
1637663168.103692321
1637663168.204439371
1637663168.303528999
1637663168.403359601
1637663168.503319537
1637663168.604732983
1637663168.703349237
1637663168.805822550
1637663168.903461696
1637663169.003269562
1637663169.103777847
1637663169.203727589
1637663169.303640496
1637663169.403423829
1637663169.502999127
1637663169.603106332
1637663169.703813016
1637663169.803949661
1637663169.903885334
1637663170.002613735
1637663170.100042174
1637663170.202813581
1637663170.302900964
1637663170.403844239
1637663170.504959103
1637663170.603233482
1637663170.704292709
1637663170.803203133
1637663170.903475195
1637663171.003776474
1637663171.103466097
1637663171.203042163
1637663171.303694637
1637663171.403364255
1637663171.503989233
1637663171.603329868
1637663171.703374270
1637663171.803233159
1637663171.897022707
1637663172.003129328
1637663172.102969637
1637663172.202620634
1637663172.302647373
1637663172.402333637
1637663172.502475112
1637663172.601861031
1637663172.702628870
1637663172.802454040
1637663172.902845758
1637663173.002846812
1637663173.102828394
1637663173.202906687
1637663173.303113398
1637663173.403357099
1637663173.502623582
1637663173.603040099
1637663173.703120966
1637663173.801663655
1637663173.902286732
1637663174.002657189
1637663174.101711668
1637663174.202068572
1637663174.302093226
1637663174.401791544
1637663174.502717833
1637663174.602161350
1637663174.702887853
1637663174.803075814
1637663174.903404351
1637663175.003176502
1637663175.102302733
1637663175.202871932
1637663175.301903063
1637663175.401948391
1637663175.502056283
1637663175.602071428
1637663175.702065528
1637663175.802116395
1637663175.902285212
1637663176.002730391
1637663176.102323364
1637663176.201888177
1637663176.302231815
1637663176.402386140
1637663176.502446955
1637663176.602735440
1637663176.702820720
1637663176.803077624
1637663176.902387021
1637663177.003103861
1637663177.102737928
1637663177.202442284
1637663177.301957875
1637663177.401723345
1637663177.502098023
1637663177.602739959
1637663177.702012104
1637663177.801435017
1637663177.901739988
1637663178.001946822
1637663178.101544411
1637663178.202231452
1637663178.301841248
1637663178.401712399
1637663178.501775984
1637663178.602074978
1637663178.702178187
1637663178.802165543
1637663178.902289136
1637663179.002576976
1637663179.102496305
1637663179.202447790
1637663179.301624682
1637663179.401638074
1637663179.502136277
1637663179.601744473
1637663179.701497310
1637663179.801840429
1637663179.902018583
1637663180.001857045
1637663180.101706316
1637663180.201366020
1637663180.301131391
1637663180.401758226
1637663180.493888197
1637663180.601110761
1637663180.701224839
1637663180.806242838
1637663180.901305228
1637663181.001720130
1637663181.101351254
1637663181.202175473
1637663181.302443322
1637663181.402085423
1637663